1	7,18
1	0,26
1	6,6
1	10,19
1	13,30
1	3,3
1	8,46
1	10,19
1	13,15
1	3,39
1	6,21
1	13,7
1	13,33
2	44,13
2	32,11
2	42,23
2	47,19
2	86,6
2	77,11
2	80,22
2	54,27
2	64,12
2	33,2
2	57,16
2	45,13
2	60,26
2	80,14
2	69,8
2	87,24
2	81,21
2	95,10
3	85,100
3	89,79
3	100,77
3	67,82
3	97,95
3	99,89
3	92,62
3	48,69
3	83,69
3	75,75
3	86,84
3	98,86
3	60,94
3	45,93
3	84,64
3	52,93
3	80,67
3	68,77
3	99,84
3	92,96
4	25,48
4	41,36
4	25,44
4	39,45
4	30,32
4	21,27
4	28,35
4	19,39
4	32,41
4	23,52
4	21,26
4	21,42
4	40,43
4	20,29
4	30,36
5	12,56
5	12,73
5	39,85
5	27,65
5	21,95
5	29,68
5	24,97
5	17,69
5	40,99
5	1,78
5	33,89
5	20,76
5	30,93
6	53,56
6	97,42
6	69,28
6	67,41
6	97,49
6	59,31
6	74,29
6	89,57
6	71,46
6	91,37
6	95,43
6	62,33
6	96,44
6	64,46
6	90,48
6	82,53
6	57,28
6	68,33
6	94,58
6	56,48
6	95,54
