1	13,33
1	20,29
1	6,6
1	10,19
1	13,30
1	3,3
1	8,46
1	10,19
1	13,15
1	21,26
1	3,39
1	6,21
1	13,7
1	7,18
1	21,27
1	0,26
2	44,13
2	59,31
2	32,11
2	42,23
2	47,19
2	86,6
2	77,11
2	80,22
2	54,27
2	62,33
2	64,12
2	33,2
2	57,16
2	45,13
2	60,26
2	69,28
2	80,14
2	68,33
2	69,8
2	87,24
2	57,28
2	81,21
2	95,10
2	74,29
3	90,48
3	99,84
3	82,53
3	96,44
3	67,82
3	100,77
3	64,46
3	91,37
3	71,46
3	89,57
3	97,49
3	92,96
3	56,48
3	75,75
3	89,79
3	95,43
3	97,95
3	95,54
3	94,58
3	48,69
3	80,67
3	52,93
3	45,93
3	68,77
3	98,86
3	99,89
3	53,56
3	97,42
3	85,100
3	83,69
3	67,41
3	86,84
3	60,94
3	84,64
3	92,62
4	40,43
4	39,85
4	28,35
4	29,68
4	30,93
4	24,97
4	39,45
4	17,69
4	25,48
4	19,39
4	40,99
4	25,44
4	21,42
4	12,56
4	41,36
4	1,78
4	12,73
4	23,52
4	30,32
4	32,41
4	27,65
4	21,95
4	33,89
4	30,36
4	20,76
